1 0.1572265625 0.3334930125 0.1669921875 0.33696689687500003 0.2197265625 0.3404407828125 0.3037109375 0.3404407828125 0.30859375 0.3352299546875 0.310546875 0.3282821828125 0.310546875 0.13721847812500002 0.30859375 0.11637516562500001 0.3056640625 0.11116433750000002 0.1767578125 0.10769045156249998 0.1552734375 0.11116433750000002 0.154296875 0.1129012796875 0.154296875 0.2240656171875 0.15625 0.33175606874999997 0.1572265625 0.3334930125
1 0 0.33175606874999997 0.0009765625 0.3334930125 0.0615234375 0.33696689687500003 0.1279296875 0.33696689687500003 0.130859375 0.33175606874999997 0.1328125 0.2622783578125 0.1328125 0.11637516562500001 0.130859375 0.10942739374999999 0.1298828125 0.10769045156249998 0.1103515625 0.104216565625 0.0009765625 0.104216565625 0 0.105953509375 0 0.33175606874999997
1 0 0.6444057671875 0.0009765625 0.6461427093750001 0.1220703125 0.6461427093750001 0.125 0.64093188125 0.125 0.5193458875 0.123046875 0.4220770921875 0.12109375 0.415129321875 0.1201171875 0.4133923796875 0.0009765625 0.4133923796875 0 0.415129321875 0 0.6444057671875
1 0.2509765625 0.6496165953124999 0.3037109375 0.6496165953124999 0.3046875 0.6478796531250001 0.306640625 0.64093188125 0.306640625 0.4220770921875 0.3037109375 0.41686626406249994 0.1708984375 0.4133923796875 0.1494140625 0.41686626406249994 0.1484375 0.4186032078125 0.1484375 0.637457996875 0.1533203125 0.6461427093750001 0.2509765625 0.6496165953124999
1 0 0.9709510078125 0.0009765625 0.9726879515625001 0.1083984375 0.9726879515625001 0.111328125 0.9674771218749999 0.11328125 0.845891128125 0.11328125 0.7764134171875 0.111328125 0.7382006765625 0.1083984375 0.7329898484374999 0.0009765625 0.7329898484374999 0 0.734726790625 0 0.9709510078125
1 0.1416015625 0.969214065625 0.2978515625 0.969214065625 0.298828125 0.9674771218749999 0.30078125 0.9605293515625 0.30078125 0.7555701046875 0.2978515625 0.736463734375 0.2783203125 0.7329898484374999 0.1552734375 0.7329898484374999 0.1396484375 0.736463734375 0.138671875 0.7382006765625 0.13671875 0.769465646875 0.13671875 0.8424172437499999 0.138671875 0.9605293515625 0.1416015625 0.969214065625
1 0.3876953125 0.6461427093750001 0.3935546875 0.6496165953124999 0.5263671875 0.65309048125 0.5380859375 0.6496165953124999 0.541015625 0.6444057671875 0.54296875 0.637457996875 0.54296875 0.425550978125 0.5400390625 0.42034015 0.3935546875 0.41686626406249994 0.38671875 0.4220770921875 0.384765625 0.43249875 0.384765625 0.6096669125 0.38671875 0.6444057671875 0.3876953125 0.6461427093750001
1 0.4404296875 0.34391466875 0.5400390625 0.34391466875 0.541015625 0.342177725 0.54296875 0.22059173125 0.54296875 0.12332293593749999 0.5400390625 0.11811210781249999 0.3916015625 0.11811210781249999 0.388671875 0.12332293593749999 0.388671875 0.338703840625 0.3896484375 0.3404407828125 0.4404296875 0.34391466875
1 0.1630859375 0 0.162109375 0.0017369421875 0.162109375 0.0399496828125 0.1650390625 0.048634396875 0.2041015625 0.0521082828125 0.3095703125 0.0521082828125 0.314453125 0.04342356875 0.314453125 0.0017369421875 0.3134765625 0 0.1630859375 0
1 0.0009765625 0 0 0.0017369421875 0 0.04342356875 0.0009765625 0.0451605125 0.1396484375 0.0451605125 0.140625 0.04342356875 0.140625 0.0017369421875 0.1396484375 0 0.0009765625 0
0 0.5712890625 0.35086243906250003 0.7099609375 0.35086243906250003 0.71484375 0.34565161093749996 0.71484375 0.1302707078125 0.7119140625 0.12505987968750001 0.5693359375 0.12505987968750001 0.5654296875 0.12853376562500002 0.5625 0.13374459375 0.5625 0.342177725 0.5654296875 0.347388553125 0.5712890625 0.35086243906250003
0 0.8857421875 0.354336325 0.88671875 0.3525993828125 0.888671875 0.2344872734375 0.888671875 0.13721847812500002 0.8857421875 0.13200765 0.7373046875 0.13200765 0.736328125 0.13374459375 0.734375 0.2553305875 0.734375 0.34565161093749996 0.7392578125 0.354336325 0.8857421875 0.354336325
0 1 0.13374459375 0.9990234375 0.13200765 0.9091796875 0.13200765 0.908203125 0.13374459375 0.90625 0.14069236406250002 0.90625 0.3525993828125 0.9130859375 0.3578102109375 0.9931640625 0.3578102109375 0.9990234375 0.354336325 1 0.3525993828125 1 0.13374459375
0 0.7333984375 0 0.732421875 0.0017369421875 0.73046875 0.02258025625 0.73046875 0.0364757984375 0.732421875 0.06426688281250001 0.7333984375 0.066003825 0.8779296875 0.066003825 0.880859375 0.060792996875000005 0.880859375 0.0017369421875 0.8798828125 0 0.7333984375 0
0 0.5634765625 0 0.5625 0.0017369421875 0.5625 0.060792996875000005 0.5634765625 0.0625299390625 0.7099609375 0.0625299390625 0.712890625 0.057319110937499994 0.7109375 0.0017369421875 0.7099609375 0 0.5634765625 0
0 0.3916015625 0 0.390625 0.0017369421875 0.390625 0.050371340625000004 0.3935546875 0.05558216875000001 0.5400390625 0.05558216875000001 0.541015625 0.0538452265625 0.541015625 0.0017369421875 0.5400390625 0 0.3916015625 0
0 1 0.43249875 0.9990234375 0.43076180781250006 0.9638671875 0.427287921875 0.9189453125 0.427287921875 0.9150390625 0.43076180781250006 0.9140625 0.43249875 0.9140625 0.6478796531250001 0.9169921875 0.65309048125 0.9990234375 0.65309048125 1 0.6513535390625 1 0.43249875
0 0.7490234375 0.65309048125 0.8916015625 0.65309048125 0.89453125 0.6478796531250001 0.896484375 0.592297484375 0.896484375 0.49502868906249997 0.89453125 0.43249875 0.8935546875 0.43076180781250006 0.8896484375 0.427287921875 0.7431640625 0.427287921875 0.7421875 0.4290248640625 0.740234375 0.5262936593750001 0.7421875 0.6444057671875 0.7451171875 0.6496165953124999 0.7490234375 0.65309048125
0 0.5732421875 0.65309048125 0.7177734375 0.65309048125 0.71875 0.6513535390625 0.720703125 0.6444057671875 0.720703125 0.43249875 0.7158203125 0.42381403593750006 0.5830078125 0.42381403593750006 0.5673828125 0.427287921875 0.56640625 0.4290248640625 0.564453125 0.6096669125 0.56640625 0.6444057671875 0.5693359375 0.6496165953124999 0.5732421875 0.65309048125